
;begin autogen script
wait(1.8270035)
touch(169,233.5,39)
wait(5.6100123)
swipe(270.5,509.5,257,454.5,934)
wait(1.7300041)
swipe(71.5,518.5,150,462,983)
wait(1.6790029)
swipe(152,514.5,234,433,1033)
wait(1.8520027)
swipe(170,518,39,466.5,1081)
wait(1.6310029)
swipe(260,527,67,457,1015)
wait(1.379003)
swipe(72.5,522,107.5,432,816)
wait(2.5800042)
swipe(262.5,508.5,235,401.5,1398)
wait(1.3400024)
swipe(153,523.5,287.5,372.5,934)
wait(1.4400026)
swipe(75.5,511,71.5,456.5,1065)
wait(1.5840024)
swipe(158,528,163.5,461.5,716)
wait(1.2860027)
swipe(265.5,516,200,456,866)
wait(1.3970046)
swipe(69,511,292.5,452,800)
wait(1.4760024)
swipe(257.5,513.5,248.5,461,550)
wait(1.3240026)
swipe(158.5,536,212,432.5,900)
wait(1.2830025)
swipe(91.5,509,185.5,459,850)
wait(1.5000027)
swipe(271.5,508.5,261.5,432,733)
wait(1.2410018)
swipe(69.5,509.5,268.5,457,866)
wait(1.2930036)
swipe(196.5,525.5,128,456,1050)
wait(2.4890046)
swipe(167,527.5,279.5,309,1768)
wait(1.5470036)
swipe(81.5,535,63,429,1151)
wait(1.5420034)
swipe(254.5,521,219.5,311.5,1084)
wait(2.9580052)
swipe(165.5,526.5,162.5,375,716)
wait(1.3800025)
swipe(266.5,521.5,69.5,457.5,983)
wait(1.7460033)
swipe(72.5,528.5,174,462,1067)
wait(1.8180036)
swipe(265,509.5,274.5,465.5,965)
wait(1.7110024)
swipe(168.5,526,64.5,451,1100)
wait(2.3860048)
swipe(66.5,526.5,269.5,401.5,1952)
wait(1.9610039)
swipe(142,525,263,264.5,899)
wait(2.1890036)
swipe(276,510.5,165.5,207,1348)
wait(1.6180055)
swipe(66.5,502,65,429.5,1067)
wait(2.9020047)
swipe(64,498.5,57,344.5,1799)
wait(1.8700032)
swipe(158.5,512.5,254.5,462.5,1067)
wait(1.1510017)
swipe(277,520.5,299,349.5,667)
wait(1.5800033)
swipe(65.5,496.5,266,276,683)
wait(1.3500024)
swipe(261.5,524,277,207,1050)
wait(1.3730027)
swipe(127,504,282.5,230.5,967)
wait(1.8660035)
swipe(159.5,514,275,395.5,1099)
wait(1.3520026)
swipe(261.5,523,237.5,398,934)
wait(2.0680033)
swipe(76.5,500,94.5,296.5,1485)
wait(2.3310039)
swipe(171.5,523,170.5,429.5,1531)
wait(1.8590031)
swipe(261.5,515,183,385,1067)
wait(2.1410036)
swipe(77.5,499.5,172,395.5,833)
wait(1.4190025)
swipe(270.5,505,231,429.5,685)
wait(1.7100029)
swipe(164.5,511.5,235.5,242,998)
wait(1.6050031)
swipe(72,511,69.5,370,799)
wait(2.0360038)
swipe(242.5,516,150,263.5,866)
wait(1.8640039)
swipe(173,520,50,270,1235)
wait(1.8960036)
swipe(69,505.5,150,318.5,1213)
wait(3.191005)
swipe(72.5,505.5,158.5,229,1316)
;end autogen script
