
;begin autogen script
wait(2.116121)
touch(105.5,330,98)
wait(3.549203)
touch(165,382.5,65)
wait(2.6491516)
touch(75,160,99)
text(rand_email)
wait(1.5710899)
touch(178.5,191,65)
wait(1.9001087)
touch(98.5,157.5,66)
text(rand_password)
wait(3.549203)
touch(90.5,213,30)
wait(4.4102523)
touch(149,372,83)
wait(38.7502164)
rand_touch(110.5,296.5,114,421.5,1,1)
wait(1.3330763)
rand_touch(110.5,296.5,114,421.5,1,1)
wait(1.3330763)
rand_touch(110.5,296.5,114,421.5,1,1)
wait(1.3330763)
rand_touch(110.5,296.5,114,421.5,1,1)
wait(1.3330763)
rand_touch(110.5,296.5,114,421.5,1,1)
wait(1.3330763)
rand_touch(110.5,296.5,114,421.5,1,1)
wait(1.3330763)
rand_touch(110.5,296.5,114,421.5,1,1)
wait(1.3330763)
rand_touch(110.5,296.5,114,421.5,1,1)
wait(1.3330763)
rand_touch(110.5,296.5,114,421.5,1,1)
wait(1.3330763)
rand_touch(110.5,296.5,114,421.5,1,1)
wait(1.3330763)
rand_touch(110.5,296.5,114,421.5,1,1)
wait(1.3330763)
rand_touch(110.5,296.5,114,421.5,1,1)
wait(1.3330763)
rand_touch(110.5,296.5,114,421.5,1,1)
wait(1.3330763)
rand_touch(110.5,296.5,114,421.5,1,1)
wait(1.3330763)
rand_touch(110.5,296.5,114,421.5,1,1)
wait(1.3330763)
rand_touch(110.5,296.5,114,421.5,1,1)
wait(1.3330763)
rand_touch(110.5,296.5,114,421.5,1,1)
wait(1.3330763)
rand_touch(110.5,296.5,114,421.5,1,1)
wait(1.3330763)
rand_touch(110.5,296.5,114,421.5,1,1)
wait(1.3330763)
rand_touch(110.5,296.5,114,421.5,1,1)
wait(1.3330763)
rand_touch(110.5,296.5,114,421.5,1,1)
wait(1.3330763)
rand_touch(110.5,296.5,114,421.5,1,1)
wait(1.3330763)
rand_touch(110.5,296.5,114,421.5,1,1)
wait(1.3330763)
rand_touch(110.5,296.5,114,421.5,1,1)
wait(1.3330763)
rand_touch(110.5,296.5,114,421.5,1,1)
wait(1.3330763)
rand_touch(110.5,296.5,114,421.5,1,1)
wait(1.3330763)
rand_touch(110.5,296.5,114,421.5,1,1)
wait(1.3330763)
rand_touch(110.5,296.5,114,421.5,1,1)
wait(1.3330763)
rand_touch(110.5,296.5,114,421.5,1,1)
wait(1.3330763)
rand_touch(110.5,296.5,114,421.5,1,1)
wait(1.3330763)
rand_touch(110.5,296.5,114,421.5,1,1)
wait(1.3330763)
rand_touch(110.5,296.5,114,421.5,1,1)
wait(1.3330763)
rand_touch(110.5,296.5,114,421.5,1,1)
wait(1.3330763)
rand_touch(110.5,296.5,114,421.5,1,1)
wait(1.3330763)
rand_touch(110.5,296.5,114,421.5,1,1)
wait(1.3330763)
rand_touch(110.5,296.5,114,421.5,1,1)
wait(1.3330763)
rand_touch(110.5,296.5,114,421.5,1,1)
wait(1.3330763)
rand_touch(110.5,296.5,114,421.5,1,1)
wait(1.3330763)
rand_touch(110.5,296.5,114,421.5,1,1)
wait(1.3330763)
touch(188,321,64)
wait(1.3330763)
touch(167.5,399.5,66)
wait(1.7601006)
touch(179.5,213.5,82)
wait(8.863507)
touch(213,439.5,49)
wait(2.8141609)
touch(177,241.5,26)
wait(2.0251159)
touch(155.5,397.5,132)
wait(5.6843251)
touch(201.5,134.5,99)
wait(2.535145)
touch(200,166.5,133)
wait(6.1073493)
touch(151,337,49)
wait(1.9001087)
touch(181.5,114.5,82)
wait(2.9351679)
touch(146,393.5,32)
wait(4.3142467)
touch(156.5,188.5,83)
wait(1.9681126)
touch(172.5,175.5,99)
wait(9.5715475)
touch(175,406.5,66)
wait(2.7541575)
touch(214.5,184.5,32)
wait(2.7541575)
rand_touch(183.5,125.5,119.5,273.5, 1, 1)
wait(2.7541575)
rand_touch(183.5,125.5,119.5,273.5, 1, 1)
wait(2.7541575)
rand_touch(183.5,125.5,119.5,273.5, 1, 1)
wait(2.7541575)
rand_touch(183.5,125.5,119.5,273.5, 1, 1)
wait(1.5360878)
touch(126.5,117,32)
wait(1.4530831)
touch(107.5,119,66)
text(rand_firstname)
wait(1.5530888)
touch(132.5,228,65)
wait(2.8521632)
swipe(266,420,268.5,555,97)
wait(0.6750386)
swipe(123,426.5,112,521,81)
wait(0.6330362)
swipe(52,449.5,46.5,548.5,83)
wait(3.3861937)
touch(308.5,332,49)
wait(2.5611464)
touch(180.5,314,82)
wait(11.8656787)
touch(172,285.5,65)
wait(27.5635766)
swipe(190.5,441.5,267.5,326,100)
wait(3.0661753)
touch(168.5,557,82)
wait(1.5100864)
touch(163,424,82)
wait(5.5793191)
touch(167.5,504.5,66)
wait(2.3891367)
touch(161.5,29.5,65)
wait(2.3741358)
touch(186,132.5,32)
wait(1.4370822)
touch(97.5,41.5,83)
wait(3.5592036)
swipe(162.5,425.5,221.5,314,149)
wait(1.6240928)
swipe(124.5,433,178.5,322.5,116)
wait(2.0311162)
touch(90.5,411.5,65)
wait(5.2873024)
swipe(140,419,204,269,433)
wait(1.3270759)
touch(278.5,420.5,99)
wait(2.1881252)
touch(101.5,550,66)
wait(1.9571119)
touch(196.5,437.5,98)
wait(0.7220413)
touch(243.5,377.5,50)
wait(0.821047)
touch(273,279,66)
wait(3.3261902)
touch(307,331,83)
wait(1.4010802)
touch(100.5,38.5,116)
;end autogen script
