
;begin autogen script
wait(0.9810014)
swipe(246.5,297,17,291.5,156)
wait(1.1800017)
swipe(242,310.5,6.5,318.5,200)
wait(1.1800016)
swipe(239,248.5,8,224,216)
wait(1.381002)
swipe(262,239.5,7,238,200)
wait(1.2170021)
swipe(249,241,11,232,216)
wait(1.1710017)
swipe(255.5,233.5,59,223.5,183)
wait(1.1810017)
swipe(304.5,260.5,0.5,286.5,266)
wait(1.2810019)
swipe(242,283,41,298,166)
wait(1.5500021)
touch(138.5,494.5,83)
wait(14.8850245)
swipe(130.5,386.5,126,269.5,166)
wait(4.210007)
swipe(191,313.5,110.5,322,66)
wait(2.742004)
swipe(227.5,334,43.5,356.5,134)
wait(3.3970051)
swipe(235.5,299.5,95.5,314,133)
wait(1.7010024)
swipe(278.5,296,115,286,165)
wait(3.3300047)
touch(101,310,66)
wait(6.0420086)
swipe(108,424,47,287,132)
wait(2.5130042)
swipe(119.5,376,58.5,245.5,116)
wait(1.5840036)
touch(22,42,49)
;end autogen script
