
;begin autogen script
wait(6.4213673)
touch(176,457,33)
wait(3.0861765)
touch(247.5,439.5,67)
wait(2.1181211)
touch(155.5,540.5,66)
wait(14.4448262)
touch(145.5,457.5,100)
wait(0.4040231)
touch(179.5,473.5,66)
wait(0.5430311)
touch(159.5,476.5,81)
wait(0.5570319)
touch(143.5,479.5,133)
wait(0.5030287)
touch(147.5,477,116)
wait(0.5480314)
touch(151,479.5,150)
wait(0.7020401)
touch(149.5,491,50)
wait(0.9010516)
touch(136.5,523.5,99)
wait(1.1410652)
swipe(167.5,500,165,551,599)
wait(4.8372767)
swipe(184,518,69.5,536.5,816)
wait(2.0301161)
swipe(2,547,108.5,531,783)
wait(1.7581006)
swipe(179.5,491,134.5,509.5,399)
wait(1.1660667)
swipe(166.5,476,121,495.5,433)
wait(1.0080576)
swipe(53.5,518.5,173.5,511.5,416)
wait(3.3671926)
swipe(249,490.5,285.5,514,1100)
wait(0.7840449)
swipe(217,522,244.5,525,233)
wait(3.1431798)
swipe(247.5,519.5,131.5,548,466)
wait(2.4351392)
swipe(264.5,514.5,139.5,464,1451)
wait(1.7591007)
swipe(98.5,514.5,217.5,467.5,749)
wait(3.3331906)
swipe(112.5,492.5,145,515,582)
wait(1.4110807)
swipe(167.5,516.5,67.5,528.5,733)
wait(1.7851021)
swipe(3.5,544,138.5,525.5,917)
wait(0.979056)
swipe(153.5,511,93.5,520.5,449)
wait(1.3870793)
swipe(98,529,208,535,783)
wait(2.4681412)
swipe(212.5,511,37.5,541.5,1316)
wait(1.9591121)
swipe(172.5,515.5,145,525,516)
wait(3.183182)
swipe(71,553,180.5,537.5,582)
wait(1.4300818)
swipe(208.5,536.5,145,552.5,249)
wait(1.2460713)
swipe(126,530,213.5,518,366)
wait(1.7230986)
swipe(205.5,528.5,59,525.5,915)
wait(2.046117)
swipe(137.5,513.5,235,499.5,699)
wait(2.7721586)
touch(268,468,132)
wait(8.3974803)
swipe(206,533.5,133,529,632)
wait(1.7691011)
swipe(113,543,173.5,552.5,584)
wait(9.7605583)
swipe(197,523.5,108,513.5,716)
wait(5.0392883)
swipe(104.5,524.5,185,523,383)
wait(10.2995891)
touch(192,468,100)
wait(0.6520372)
touch(203.5,488.5,100)
wait(0.4230242)
touch(204.5,490.5,117)
wait(0.8180468)
touch(181.5,479,166)
wait(0.6910396)
touch(177,487,116)
wait(11.1986405)
touch(177,533,78)
;end autogen script
