

;begin autogen script
wait(1.3540038)
touch(155.5,469,82)
wait(11.8850376)
swipe(145,191,148,246,266)
wait(4.2520122)
swipe(112,306,173.5,305,216)
wait(5.1540192)
touch(190,355,83)
wait(1.6000067)
swipe(102,309.5,170.5,303,198)
wait(4.4950149)
swipe(31,308.5,118,280,215)
wait(37.8981305)
touch(192,305,96)
wait(1.6110079)
touch(297.5,544.5,82)
wait(3.9060131)
swipe(129.5,175,125,226.5,217)
wait(3.7930121)
swipe(269.5,359.5,271,426.5,183)
wait(4.0230142)
swipe(309.5,287.5,298.5,368.5,198)
wait(4.9390141)
swipe(201,353.5,272.5,347.5,233)
wait(5.3190214)
swipe(130.5,218.5,134,278.5,232)
wait(6.2890254)
swipe(270.5,393,319.5,377.5,183)
wait(4.0470139)
swipe(195.5,317.5,271.5,321,147)
wait(4.7210145)
swipe(239,405.5,239,458,184)
wait(5.3510198)
swipe(268,360.5,310,363,200)
wait(6.4110219)
swipe(273,287.5,199.5,307,283)
wait(5.236021)
swipe(232,291,156.5,310,267)
wait(6.7680278)
touch(246.5,340,83)
wait(9.1220285)
touch(282.5,120,66)
wait(3.5410056)
swipe(91.5,113,90,162.5,159)
wait(1.2610023)
swipe(93,125.5,93,176.5,298)
wait(2.8560044)
swipe(51,139,52.5,181.5,200)
wait(2.0800029)
swipe(199.5,358.5,194.5,412,265)
wait(2.6330044)
swipe(230,359.5,284,354.5,333)
wait(1.7900025)
swipe(275,167,275,215,450)
wait(1.9910028)
swipe(160.5,321,217,320,249)
wait(6.6150107)
swipe(91.5,355,21,356.5,195)
touch(248,333.5,66)
wait(7.2610102)
touch(271.5,155,65)
wait(7.2610102)
touch(246.5,340,83)
wait(9.1220285)
touch(282.5,120,66)
wait(3.5410056)
;end autogen script
