
;begin autogen script
wait(1.1300016)
touch(156,466.5,65)
wait(4.1020081)
touch(156.5,343,102)
wait(2.4300034)
touch(141.5,352,66)
wait(18.7280294)
swipe(270.5,206.5,216.5,201,217)
wait(5.9030084)
swipe(237,244.5,182.5,253,183)
wait(13.2880219)
touch(221,395.5,49)
wait(1.5830029)
swipe(178,179.5,183,250,200)
wait(4.026006)
swipe(260.5,279.5,180.5,297,233)
wait(4.1210058)
swipe(199,318.5,269,309,199)
wait(12.9130199)
swipe(196,283,273.5,269,250)
wait(3.2500052)
swipe(83,202,144,191.5,150)
wait(2.0550042)
swipe(234,244,224,332,267)
wait(5.8490098)
swipe(232,277.5,134,295,266)
wait(4.7610068)
swipe(271.5,280,269,349.5,199)
wait(7.5220106)
swipe(202,320.5,208,378.5,266)
wait(3.8200053)
swipe(202.5,324.5,205.5,381,299)
wait(1.3730021)
swipe(267,205.5,190.5,212,284)
wait(2.0100028)
swipe(84,158,80.5,212.5,197)
wait(3.7060067)
touch(180.5,339.5,117)
;end autogen script
